0	489	0	22.1133443875
1	497	0	22.2934968096
2	3773	0	61.4247507117
3	5934	0	77.0324606903
4	9598	0	97.9693829724
5	19557	0	139.8463442497
6	16073	0	126.7793358557
7	11414	0	106.8363234111
8	9375	0	96.8245836552
9	7571	0	87.0114934937
10	5782	0	76.0394634384
11	5202	0	72.124891681
12	5079	0	71.2671032104
13	4965	0	70.4627561198
14	4921	0	70.1498396292
15	4832	0	69.5125887879
16	4686	0	68.4543643605
17	4624	0	68
18	4616	0	67.9411510059
19	4427	0	66.5357047006
20	4361	0	66.0378679244
21	4453	0	66.7308024828
22	4437	0	66.6108099335
23	4231	0	65.0461374718
24	4316	0	65.6962708226
25	4252	0	65.2073615476
26	4160	0	64.4980619864
27	4051	0	63.6474665639
28	4126	0	64.233947411
29	4013	0	63.3482438588
30	3833	0	61.9112267687
31	4019	0	63.3955834424
32	3824	0	61.838499335
33	3719	0	60.983604354
34	3802	0	61.6603600379
35	3776	0	61.4491659829
36	3637	0	60.3075451333
37	3572	0	59.7662111899
38	3505	0	59.2030404625
39	3588	0	59.8999165275
40	3580	0	59.8331012066
41	3455	0	58.7792480387
42	3502	0	59.1776985021
43	3441	0	58.6600375042
44	3397	0	58.2837884836
45	3389	0	58.2151183113
46	3332	0	57.7234787586
47	3233	0	56.8594759033
48	3294	0	57.3933794091
49	3243	0	56.9473440996
50	3245	0	56.9649014745
51	3148	0	56.1070405564
52	3112	0	55.7853027239
53	3122	0	55.8748601788
54	3153	0	56.1515805655
55	3092	0	55.6057550978
56	3151	0	56.1337688027
57	2917	0	54.0092584656
58	2977	0	54.5618914628
59	3025	0	55
60	2986	0	54.6443043693
61	2852	0	53.4041196913
62	2815	0	53.0565735795
63	2879	0	53.6563137012
64	2891	0	53.7680202351
65	2838	0	53.2728824075
66	2851	0	53.3947562969
67	2878	0	53.646994324
68	2825	0	53.1507290637
69	2713	0	52.0864665724
70	2714	0	52.0960651105
71	2746	0	52.4022900263
72	2741	0	52.3545604508
73	2638	0	51.3614641536
74	2605	0	51.0392006207
75	2550	0	50.4975246918
76	2518	0	50.1796771612
77	2608	0	51.0685813392
78	2552	0	50.5173237613
79	2578	0	50.7740090991
80	2546	0	50.4579032462
81	2551	0	50.5074251967
82	2520	0	50.199601592
83	2502	0	50.0199960016
84	2577	0	50.764160586
85	2509	0	50.0899191455
86	2382	0	48.8057373676
87	2436	0	49.355850717
88	2324	0	48.2078831728
89	2382	0	48.8057373676
90	2378	0	48.7647413609
91	2330	0	48.2700735446
92	2417	0	49.1629942131
93	2320	0	48.1663783152
94	2339	0	48.3632091574
95	2310	0	48.0624593628
96	2319	0	48.1559965113
97	2226	0	47.1805044483
98	2317	0	48.1352261862
99	2234	0	47.2652091924
100	2219	0	47.1062628533
101	2237	0	47.2969343615
102	2256	0	47.4973683482
103	2274	0	47.6864760703
104	2207	0	46.9787185862
105	2148	0	46.346520905
106	2240	0	47.3286382648
107	2054	0	45.3210767745
108	2129	0	46.1410879802
109	2120	0	46.0434577329
110	2173	0	46.6154480832
111	2195	0	46.8508271005
112	2082	0	45.6289381862
113	2031	0	45.066617357
114	2064	0	45.4312667664
115	2102	0	45.8475735454
116	2093	0	45.7493169348
117	2102	0	45.8475735454
118	2097	0	45.7930125674
119	2057	0	45.3541618818
120	1993	0	44.6430285711
121	2089	0	45.7055795281
122	1980	0	44.4971909226
123	2059	0	45.3762052182
124	2032	0	45.0777106783
125	1960	0	44.2718872424
126	2029	0	45.0444225182
127	1979	0	44.4859528391
128	1962	0	44.2944691807
129	1950	0	44.1588043316
130	1923	0	43.8520238986
131	1954	0	44.2040722106
132	2036	0	45.1220566907
133	1977	0	44.4634681508
134	1907	0	43.6692111218
135	1899	0	43.577517139
136	1909	0	43.6921045499
137	1920	0	43.8178046004
138	1904	0	43.6348484585
139	1923	0	43.8520238986
140	1850	0	43.0116263352
141	1905	0	43.6463056856
142	1882	0	43.382023927
143	1873	0	43.2781700168
144	1882	0	43.382023927
145	1870	0	43.2434966209
146	1846	0	42.9651021179
147	1865	0	43.1856457634
148	1836	0	42.8485705713
149	1873	0	43.2781700168
150	1777	0	42.1544778167
151	1802	0	42.4499705536
152	1819	0	42.6497362243
153	1788	0	42.2847490237
154	1778	0	42.1663372846
155	1702	0	41.2553026895
156	1831	0	42.7901857907
157	1858	0	43.1045241245
158	1771	0	42.083250825
159	1748	0	41.8090899207
160	1770	0	42.0713679359
161	1785	0	42.2492603486
162	1793	0	42.3438307195
163	1698	0	41.2067955561
164	1763	0	41.9880935504
165	1778	0	42.1663372846
166	1680	0	40.9878030638
167	1708	0	41.3279566395
168	1738	0	41.6893271714
169	1728	0	41.5692193817
170	1638	0	40.4722126897
171	1653	0	40.6571027005
172	1603	0	40.0374824383
173	1571	0	39.6358423652
174	1656	0	40.6939798988
175	1663	0	40.7798970082
176	1684	0	41.0365690574
177	1656	0	40.6939798988
178	1696	0	41.1825205639
179	1702	0	41.2553026895
180	1610	0	40.1248052955
181	1632	0	40.3980197534
182	1718	0	41.4487635521
183	1658	0	40.718546143
184	1663	0	40.7798970082
185	1652	0	40.6448028658
186	1667	0	40.8289113252
187	1663	0	40.7798970082
188	1632	0	40.3980197534
189	1628	0	40.3484820037
190	1558	0	39.471508712
191	1654	0	40.6693988153
192	1601	0	40.0124980475
193	1583	0	39.7869325282
194	1594	0	39.9249295554
195	1502	0	38.7556447502
196	1631	0	40.3856410126
197	1629	0	40.3608721412
198	1517	0	38.9486841883
199	1565	0	39.5600808897
200	1597	0	39.9624824054
201	1528	0	39.0896405714
202	1593	0	39.912404087
203	1561	0	39.5094925303
204	1526	0	39.0640499692
205	1610	0	40.1248052955
206	1585	0	39.8120584748
207	1504	0	38.7814388593
208	1567	0	39.5853508258
209	1541	0	39.2555728528
210	1543	0	39.2810386828
211	1482	0	38.4967531098
212	1466	0	38.2883794382
213	1558	0	39.471508712
214	1523	0	39.0256326022
215	1446	0	38.0263066837
216	1506	0	38.8072158239
217	1485	0	38.535697736
218	1553	0	39.4081209905
219	1450	0	38.0788655293
220	1466	0	38.2883794382
221	1447	0	38.0394532032
222	1461	0	38.2230297072
223	1504	0	38.7814388593
224	1442	0	37.9736750921
225	1456	0	38.1575680567
226	1442	0	37.9736750921
227	1459	0	38.1968585096
228	1504	0	38.7814388593
229	1520	0	38.9871773792
230	1498	0	38.7040049607
231	1452	0	38.1051177665
232	1465	0	38.275318418
233	1415	0	37.6164857476
234	1416	0	37.6297754445
235	1488	0	38.574603044
236	1439	0	37.9341534768
237	1471	0	38.3536178215
238	1478	0	38.4447655735
239	1433	0	37.8549864615
240	1446	0	38.0263066837
241	1424	0	37.7359245282
242	1471	0	38.3536178215
243	1388	0	37.2558720204
244	1419	0	37.6696164037
245	1390	0	37.2827037646
246	1410	0	37.549966711
247	1358	0	36.8510515454
248	1402	0	37.4432904537
249	1401	0	37.4299345444
250	1470	0	38.3405790254
251	1356	0	36.823905279
252	1405	0	37.483329628
253	1348	0	36.7151195014
254	1382	0	37.1752605909
255	1412	0	37.5765884561
256	1410	0	37.549966711
257	1339	0	36.5923489271
258	1472	0	38.3666521865
259	1380	0	37.148351242
260	1345	0	36.6742416418
261	1362	0	36.9052841745
262	1352	0	36.7695526217
263	1321	0	36.3455636908
264	1313	0	36.235341864
265	1323	0	36.3730669589
266	1419	0	37.6696164037
267	1365	0	36.9459064038
268	1395	0	37.349698794
269	1374	0	37.0675059857
270	1433	0	37.8549864615
271	1298	0	36.0277670693
272	1346	0	36.6878726557
273	1331	0	36.4828726939
274	1396	0	37.3630833845
275	1307	0	36.1524549651
276	1258	0	35.4682957019
277	1313	0	36.235341864
278	1309	0	36.1801050303
279	1205	0	34.7131099154
280	1196	0	34.5832329316
281	1220	0	34.9284983931
282	1179	0	34.3365694268
283	1078	0	32.8329103188
284	1070	0	32.7108544676
285	1047	0	32.3573793747
286	1070	0	32.7108544676
287	1084	0	32.9241552663
288	1081	0	32.8785644455
289	1039	0	32.2335229226
290	1077	0	32.8176781628
291	1010	0	31.7804971641
292	1028	0	32.0624390838
293	1014	0	31.8433666562
294	1064	0	32.6190128606
295	987	0	31.4165561448
296	1034	0	32.1558703816
297	1034	0	32.1558703816
298	1039	0	32.2335229226
299	1001	0	31.6385840391
300	1021	0	31.9530906173
301	971	0	31.1608729018
302	1025	0	32.0156211872
303	1006	0	31.7175030543
304	1004	0	31.6859590355
305	1000	0	31.6227766017
306	1038	0	32.2180073872
307	999	0	31.6069612586
308	1050	0	32.403703492
309	993	0	31.5119025132
310	1027	0	32.0468407179
311	991	0	31.4801524774
312	1017	0	31.8904374382
313	1004	0	31.6859590355
314	1008	0	31.7490157328
315	1031	0	32.109188716
316	1037	0	32.2024843762
317	1031	0	32.109188716
318	1057	0	32.511536414
319	1013	0	31.8276609257
320	978	0	31.2729915422
321	1036	0	32.1869538789
322	1019	0	31.921779399
323	1019	0	31.921779399
324	988	0	31.432467291
325	1021	0	31.9530906173
326	950	0	30.8220700148
327	999	0	31.6069612586
328	974	0	31.2089730687
329	1016	0	31.874754901
330	939	0	30.6431068921
331	972	0	31.1769145362
332	956	0	30.9192496675
333	1044	0	32.3109888428
334	997	0	31.5753068077
335	973	0	31.192947921
336	1029	0	32.0780298647
337	996	0	31.5594676761
338	965	0	31.064449134
339	957	0	30.9354165965
340	948	0	30.7896086367
341	1020	0	31.9374388453
342	968	0	31.1126983722
343	952	0	30.8544972411
344	955	0	30.9030742807
345	986	0	31.4006369362
346	907	0	30.1164406928
347	1034	0	32.1558703816
348	961	0	31
349	975	0	31.224989992
350	1008	0	31.7490157328
351	953	0	30.8706980809
352	975	0	31.224989992
353	967	0	31.0966236109
354	978	0	31.2729915422
355	906	0	30.0998338866
356	981	0	31.3209195267
357	977	0	31.2569992162
358	934	0	30.5614135799
359	938	0	30.6267856622
360	943	0	30.7083050656
361	953	0	30.8706980809
362	930	0	30.495901364
363	1000	0	31.6227766017
364	996	0	31.5594676761
365	955	0	30.9030742807
366	950	0	30.8220700148
367	967	0	31.0966236109
368	921	0	30.347981811
369	957	0	30.9354165965
370	919	0	30.3150127824
371	942	0	30.6920185064
372	890	0	29.8328677804
373	950	0	30.8220700148
374	914	0	30.2324329157
375	931	0	30.5122926048
376	917	0	30.2820078595
377	906	0	30.0998338866
378	942	0	30.6920185064
379	1027	0	32.0468407179
380	936	0	30.5941170816
381	962	0	31.0161248385
382	923	0	30.3809150619
383	942	0	30.6920185064
384	887	0	29.7825452237
385	913	0	30.2158898595
386	875	0	29.5803989155
387	870	0	29.4957624075
388	894	0	29.8998327755
389	904	0	30.0665927567
390	899	0	29.9833287011
391	928	0	30.4630924235
392	897	0	29.9499582637
393	936	0	30.5941170816
394	926	0	30.4302481094
395	891	0	29.8496231132
396	901	0	30.0166620396
397	941	0	30.6757233004
398	963	0	31.0322412984
399	971	0	31.1608729018
400	850	0	29.1547594742
401	897	0	29.9499582637
402	895	0	29.9165506033
403	893	0	29.883105595
404	919	0	30.3150127824
405	918	0	30.2985148151
406	916	0	30.2654919008
407	912	0	30.1993377411
408	854	0	29.2232783924
409	886	0	29.7657521323
410	845	0	29.0688837075
411	943	0	30.7083050656
412	856	0	29.2574776767
413	903	0	30.0499584026
414	856	0	29.2574776767
415	905	0	30.083217913
416	890	0	29.8328677804
417	858	0	29.2916370318
418	903	0	30.0499584026
419	914	0	30.2324329157
420	869	0	29.478805946
421	835	0	28.8963665536
422	907	0	30.1164406928
423	860	0	29.3257565972
424	835	0	28.8963665536
425	881	0	29.6816441593
426	850	0	29.1547594742
427	840	0	28.9827534924
428	893	0	29.883105595
429	886	0	29.7657521323
430	864	0	29.3938769134
431	879	0	29.6479341607
432	872	0	29.5296461205
433	852	0	29.1890390387
434	909	0	30.1496268634
435	893	0	29.883105595
436	841	0	29
437	855	0	29.2403830344
438	828	0	28.7749891399
439	792	0	28.1424945589
440	924	0	30.3973683071
441	815	0	28.5482048472
442	824	0	28.7054001888
443	883	0	29.7153159162
444	868	0	29.4618397253
445	857	0	29.2745623366
446	889	0	29.8161030318
447	865	0	29.4108823397
448	883	0	29.7153159162
449	848	0	29.1204395571
450	837	0	28.930952283
451	813	0	28.5131548588
452	857	0	29.2745623366
453	812	0	28.4956136976
454	844	0	29.0516780927
455	772	0	27.7848879789
456	745	0	27.2946881279
457	703	0	26.5141471671
458	694	0	26.3438797446
459	638	0	25.2586618806
460	607	0	24.6373699895
461	549	0	23.4307490277
462	573	0	23.9374184072
463	544	0	23.3238075794
464	507	0	22.5166604984
465	503	0	22.427661492
466	541	0	23.2594066992
467	539	0	23.2163735325
468	512	0	22.627416998
469	480	0	21.9089023002
470	516	0	22.7156333832
471	466	0	21.5870331449
472	502	0	22.4053565024
473	487	0	22.0680764907
474	500	0	22.360679775
475	519	0	22.7815714998
476	526	0	22.9346898824
477	474	0	21.7715410571
478	488	0	22.0907220344
479	463	0	21.5174347914
480	500	0	22.360679775
481	526	0	22.9346898824
482	480	0	21.9089023002
483	510	0	22.5831795813
484	482	0	21.9544984001
485	498	0	22.3159136044
486	480	0	21.9089023002
487	529	0	23
488	480	0	21.9089023002
489	494	0	22.2261107709
490	513	0	22.6495033058
491	507	0	22.5166604984
492	507	0	22.5166604984
493	484	0	22
494	489	0	22.1133443875
495	465	0	21.5638586528
496	512	0	22.627416998
497	554	0	23.5372045919
498	493	0	22.2036033112
499	516	0	22.7156333832
500	526	0	22.9346898824
501	508	0	22.5388553392
502	461	0	21.4709105536
503	454	0	21.3072757527
504	487	0	22.0680764907
505	446	0	21.1187120819
506	480	0	21.9089023002
507	499	0	22.3383079037
508	518	0	22.7596133535
509	477	0	21.8403296678
510	484	0	22
511	512	0	22.627416998
512	495	0	22.2485954613
513	501	0	22.3830292856
514	465	0	21.5638586528
515	462	0	21.4941852602
516	509	0	22.5610283454
517	491	0	22.1585198062
518	461	0	21.4709105536
519	457	0	21.3775583264
520	485	0	22.0227155455
521	501	0	22.3830292856
522	500	0	22.360679775
523	455	0	21.3307290077
524	479	0	21.8860686282
525	469	0	21.6564078277
526	536	0	23.1516738056
527	468	0	21.6333076528
528	439	0	20.9523268398
529	497	0	22.2934968096
530	497	0	22.2934968096
531	472	0	21.7255609824
532	461	0	21.4709105536
533	475	0	21.7944947177
534	476	0	21.8174242293
535	494	0	22.2261107709
536	461	0	21.4709105536
537	472	0	21.7255609824
538	467	0	21.610182785
539	489	0	22.1133443875
540	450	0	21.2132034356
541	452	0	21.2602916255
542	505	0	22.4722050542
543	499	0	22.3383079037
544	450	0	21.2132034356
545	448	0	21.1660104885
546	459	0	21.4242852856
547	488	0	22.0907220344
548	523	0	22.8691932521
549	490	0	22.1359436212
550	469	0	21.6564078277
551	459	0	21.4242852856
552	453	0	21.2837966538
553	483	0	21.9772609758
554	478	0	21.8632111091
555	445	0	21.0950231097
556	445	0	21.0950231097
557	454	0	21.3072757527
558	467	0	21.610182785
559	490	0	22.1359436212
560	417	0	20.4205778567
561	460	0	21.4476105895
562	439	0	20.9523268398
563	427	0	20.6639783198
564	462	0	21.4941852602
565	489	0	22.1133443875
566	435	0	20.8566536146
567	466	0	21.5870331449
568	438	0	20.9284495365
569	466	0	21.5870331449
570	427	0	20.6639783198
571	444	0	21.0713075057
572	476	0	21.8174242293
573	473	0	21.7485631709
574	442	0	21.0237960416
575	436	0	20.8806130178
576	448	0	21.1660104885
577	477	0	21.8403296678
578	437	0	20.9045449604
579	453	0	21.2837966538
580	464	0	21.5406592285
581	474	0	21.7715410571
582	467	0	21.610182785
583	466	0	21.5870331449
584	451	0	21.2367605816
585	457	0	21.3775583264
586	479	0	21.8860686282
587	446	0	21.1187120819
588	481	0	21.9317121995
589	439	0	20.9523268398
590	471	0	21.7025344142
591	441	0	21
592	461	0	21.4709105536
593	440	0	20.9761769634
594	444	0	21.0713075057
595	437	0	20.9045449604
596	439	0	20.9523268398
597	459	0	21.4242852856
598	466	0	21.5870331449
599	439	0	20.9523268398
600	428	0	20.6881608656
601	507	0	22.5166604984
602	486	0	22.045407685
603	491	0	22.1585198062
604	512	0	22.627416998
605	484	0	22
606	467	0	21.610182785
607	420	0	20.4939015319
608	433	0	20.8086520467
609	453	0	21.2837966538
610	440	0	20.9761769634
611	476	0	21.8174242293
612	464	0	21.5406592285
613	427	0	20.6639783198
614	439	0	20.9523268398
615	459	0	21.4242852856
616	486	0	22.045407685
617	448	0	21.1660104885
618	423	0	20.5669638012
619	450	0	21.2132034356
620	414	0	20.3469899494
621	415	0	20.3715487875
622	463	0	21.5174347914
623	453	0	21.2837966538
624	410	0	20.2484567313
625	432	0	20.7846096908
626	438	0	20.9284495365
627	458	0	21.400934559
628	471	0	21.7025344142
629	482	0	21.9544984001
630	446	0	21.1187120819
631	400	0	20
632	436	0	20.8806130178
633	394	0	19.8494332413
634	434	0	20.832666656
635	415	0	20.3715487875
636	420	0	20.4939015319
637	428	0	20.6881608656
638	442	0	21.0237960416
639	438	0	20.9284495365
640	433	0	20.8086520467
641	436	0	20.8806130178
642	440	0	20.9761769634
643	453	0	21.2837966538
644	381	0	19.5192212959
645	423	0	20.5669638012
646	407	0	20.1742410018
647	401	0	20.0249843945
648	422	0	20.5426385842
649	445	0	21.0950231097
650	403	0	20.0748598999
651	398	0	19.9499373433
652	441	0	21
653	424	0	20.591260282
654	411	0	20.2731349327
655	394	0	19.8494332413
656	399	0	19.9749843554
657	367	0	19.1572440607
658	434	0	20.832666656
659	378	0	19.4422220952
660	333	0	18.2482875909
661	358	0	18.9208879284
662	341	0	18.4661853126
663	316	0	17.7763888346
664	259	0	16.0934769394
665	257	0	16.0312195419
666	242	0	15.5563491861
667	181	0	13.4536240471
668	149	0	12.2065556157
669	117	0	10.8166538264
670	125	0	11.1803398875
671	101	0	10.0498756211
672	99	0	9.9498743711
673	76	0	8.7177978871
674	79	0	8.8881944173
675	68	0	8.2462112512
676	71	0	8.4261497732
677	77	0	8.7749643874
678	77	0	8.7749643874
679	79	0	8.8881944173
680	71	0	8.4261497732
681	75	0	8.6602540378
682	78	0	8.8317608663
683	67	0	8.1853527719
684	76	0	8.7177978871
685	68	0	8.2462112512
686	80	0	8.94427191
687	86	0	9.2736184955
688	75	0	8.6602540378
689	68	0	8.2462112512
690	86	0	9.2736184955
691	84	0	9.1651513899
692	95	0	9.7467943448
693	84	0	9.1651513899
694	85	0	9.2195444573
695	84	0	9.1651513899
696	83	0	9.1104335791
697	88	0	9.3808315196
698	73	0	8.5440037453
699	95	0	9.7467943448
700	87	0	9.3273790531
701	77	0	8.7749643874
702	79	0	8.8881944173
703	74	0	8.602325267
704	67	0	8.1853527719
705	82	0	9.0553851381
706	72	0	8.4852813742
707	88	0	9.3808315196
708	82	0	9.0553851381
709	68	0	8.2462112512
710	83	0	9.1104335791
711	72	0	8.4852813742
712	77	0	8.7749643874
713	64	0	8
714	84	0	9.1651513899
715	71	0	8.4261497732
716	89	0	9.4339811321
717	69	0	8.3066238629
718	74	0	8.602325267
719	72	0	8.4852813742
720	72	0	8.4852813742
721	79	0	8.8881944173
722	76	0	8.7177978871
723	74	0	8.602325267
724	74	0	8.602325267
725	78	0	8.8317608663
726	79	0	8.8881944173
727	79	0	8.8881944173
728	72	0	8.4852813742
729	62	0	7.874007874
730	84	0	9.1651513899
731	71	0	8.4261497732
732	63	0	7.9372539332
733	60	0	7.7459666924
734	83	0	9.1104335791
735	64	0	8
736	69	0	8.3066238629
737	75	0	8.6602540378
738	70	0	8.3666002653
739	75	0	8.6602540378
740	54	0	7.3484692283
741	72	0	8.4852813742
742	84	0	9.1651513899
743	58	0	7.6157731059
744	78	0	8.8317608663
745	61	0	7.8102496759
746	83	0	9.1104335791
747	58	0	7.6157731059
748	62	0	7.874007874
749	61	0	7.8102496759
750	58	0	7.6157731059
751	64	0	8
752	67	0	8.1853527719
753	54	0	7.3484692283
754	55	0	7.4161984871
755	43	0	6.5574385243
756	36	0	6
757	48	0	6.9282032303
758	28	0	5.2915026221
759	38	0	6.164414003
760	20	0	4.472135955
761	13	0	3.6055512755
762	12	0	3.4641016151
763	6	0	2.4494897428
764	5	0	2.2360679775
765	5	0	2.2360679775
766	1	0	1
767	5	0	2.2360679775
768	3	0	1.7320508076
769	1	0	1
770	3	0	1.7320508076
771	0	0	0
772	2	0	1.4142135624
773	0	0	0
774	0	0	0
775	0	0	0
776	2	0	1.4142135624
777	2	0	1.4142135624
778	3	0	1.7320508076
779	2	0	1.4142135624
780	1	0	1
781	1	0	1
782	0	0	0
783	1	0	1
784	3	0	1.7320508076
785	3	0	1.7320508076
786	2	0	1.4142135624
787	4	0	2
788	1	0	1
789	1	0	1
790	1	0	1
791	1	0	1
792	0	0	0
793	3	0	1.7320508076
794	0	0	0
795	4	0	2
796	1	0	1
797	0	0	0
798	1	0	1
799	1	0	1
800	0	0	0
801	3	0	1.7320508076
802	0	0	0
803	1	0	1
804	0	0	0
805	1	0	1
806	1	0	1
807	1	0	1
808	1	0	1
809	1	0	1
810	0	0	0
811	1	0	1
812	2	0	1.4142135624
813	0	0	0
814	0	0	0
815	1	0	1
816	1	0	1
817	1	0	1
818	2	0	1.4142135624
819	2	0	1.4142135624
820	0	0	0
821	0	0	0
822	2	0	1.4142135624
823	3	0	1.7320508076
824	1	0	1
825	0	0	0
826	0	0	0
827	0	0	0
828	0	0	0
829	1	0	1
830	1	0	1
831	1	0	1
832	0	0	0
833	1	0	1
834	0	0	0
835	1	0	1
836	1	0	1
837	2	0	1.4142135624
838	0	0	0
839	3	0	1.7320508076
840	0	0	0
841	0	0	0
842	1	0	1
843	2	0	1.4142135624
844	0	0	0
845	1	0	1
846	1	0	1
847	1	0	1
848	0	0	0
849	0	0	0
850	0	0	0
851	1	0	1
852	2	0	1.4142135624
853	2	0	1.4142135624
854	0	0	0
855	0	0	0
856	1	0	1
857	0	0	0
858	1	0	1
859	1	0	1
860	0	0	0
861	0	0	0
862	1	0	1
863	3	0	1.7320508076
864	1	0	1
865	0	0	0
866	0	0	0
867	0	0	0
868	2	0	1.4142135624
869	1	0	1
870	1	0	1
871	3	0	1.7320508076
872	0	0	0
873	0	0	0
874	1	0	1
875	0	0	0
876	0	0	0
877	0	0	0
878	0	0	0
879	1	0	1
880	1	0	1
881	0	0	0
882	1	0	1
883	0	0	0
884	0	0	0
885	1	0	1
886	0	0	0
887	0	0	0
888	1	0	1
889	4	0	2
890	0	0	0
891	1	0	1
892	0	0	0
893	1	0	1
894	0	0	0
895	1	0	1
896	0	0	0
897	2	0	1.4142135624
898	1	0	1
899	0	0	0
900	2	0	1.4142135624
901	1	0	1
902	0	0	0
903	1	0	1
904	0	0	0
905	0	0	0
906	0	0	0
907	3	0	1.7320508076
908	0	0	0
909	1	0	1
910	0	0	0
911	2	0	1.4142135624
912	0	0	0
913	0	0	0
914	0	0	0
915	0	0	0
916	2	0	1.4142135624
917	1	0	1
918	0	0	0
919	2	0	1.4142135624
920	1	0	1
921	0	0	0
922	2	0	1.4142135624
923	0	0	0
924	1	0	1
925	1	0	1
926	0	0	0
927	1	0	1
928	0	0	0
929	0	0	0
930	0	0	0
931	0	0	0
932	0	0	0
933	1	0	1
934	2	0	1.4142135624
935	0	0	0
936	2	0	1.4142135624
937	0	0	0
938	1	0	1
939	1	0	1
940	1	0	1
941	0	0	0
942	0	0	0
943	1	0	1
944	1	0	1
945	0	0	0
946	1	0	1
947	0	0	0
948	0	0	0
949	2	0	1.4142135624
950	1	0	1
951	1	0	1
952	0	0	0
953	0	0	0
954	0	0	0
955	0	0	0
956	0	0	0
957	0	0	0
958	0	0	0
959	0	0	0
960	3	0	1.7320508076
961	1	0	1
962	1	0	1
963	0	0	0
964	0	0	0
965	0	0	0
966	1	0	1
967	0	0	0
968	0	0	0
969	2	0	1.4142135624
970	1	0	1
971	0	0	0
972	0	0	0
973	0	0	0
974	0	0	0
975	1	0	1
976	0	0	0
977	1	0	1
978	0	0	0
979	1	0	1
980	0	0	0
981	1	0	1
982	0	0	0
983	1	0	1
984	0	0	0
985	0	0	0
986	0	0	0
987	0	0	0
988	0	0	0
989	0	0	0
990	1	0	1
991	0	0	0
992	0	0	0
993	0	0	0
994	1	0	1
995	0	0	0
996	0	0	0
997	0	0	0
998	0	0	0
999	0	0	0
1000	1	0	1
1001	1	0	1
1002	0	0	0
1003	0	0	0
1004	0	0	0
1005	1	0	1
1006	1	0	1
1007	0	0	0
1008	0	0	0
1009	1	0	1
1010	0	0	0
1011	0	0	0
1012	0	0	0
1013	0	0	0
1014	0	0	0
1015	1	0	1
1016	0	0	0
1017	0	0	0
1018	0	0	0
1019	0	0	0
1020	0	0	0
1021	1	0	1
1022	0	0	0
1023	0	0	0
