0 5.8290E+01
1 1.7181E-03
2 6.8690E-03
3 1.5443E-02
4 2.7423E-02
5 4.2786E-02
6 6.1503E-02
7 8.3537E-02
8 1.0885E-01
9 1.3738E-01
10 1.6909E-01
11 2.0390E-01
12 2.4176E-01
13 2.8258E-01
14 3.2630E-01
15 3.7282E-01
16 4.2205E-01
17 4.7391E-01
18 5.2828E-01
19 5.8507E-01
20 6.4416E-01
21 7.0544E-01
22 7.6879E-01
23 8.3408E-01
24 9.0119E-01
25 9.6998E-01
26 1.0403E+00
27 1.1121E+00
28 1.1851E+00
29 1.2593E+00
30 1.3344E+00
31 1.4104E+00
32 1.4870E+00
33 1.5642E+00
34 1.6417E+00
35 1.7195E+00
36 1.7973E+00
37 1.8751E+00
38 1.9526E+00
39 2.0297E+00
40 2.1063E+00
41 2.1822E+00
42 2.2574E+00
43 2.3315E+00
44 2.4047E+00
45 2.4766E+00
46 2.5473E+00
47 2.6167E+00
48 2.6847E+00
49 2.7513E+00
50 2.8165E+00
51 2.8803E+00
52 2.9429E+00
53 3.0043E+00
54 3.0649E+00
55 3.1249E+00
56 3.1848E+00
57 3.2452E+00
58 3.3066E+00
59 3.3702E+00
60 3.4371E+00
61 3.5087E+00
62 3.5871E+00
63 3.6746E+00
64 3.7742E+00
65 3.8900E+00
66 4.0267E+00
67 4.1908E+00
68 4.3902E+00
69 4.6354E+00
70 4.9398E+00
71 5.3212E+00
72 5.8026E+00
73 6.4153E+00
74 7.2009E+00
75 8.2167E+00
76 9.5418E+00
77 1.1288E+01
78 1.3616E+01
79 1.6762E+01
80 2.1084E+01
81 2.7139E+01
82 3.5829E+01
83 4.8679E+01
84 6.8420E+01
85 1.0029E+02
86 1.5533E+02
87 2.5983E+02
88 4.2424E+02
89 8.5378E+02
90 1.9884E+03
91 4.0630E+03
92 3.2088E+03
93 1.5988E+03
94 8.8732E+02
95 6.2244E+02
96 4.2347E+02
97 3.1426E+02
98 2.4730E+02
99 2.0297E+02
100 1.7192E+02
101 1.4923E+02
102 1.3206E+02
103 1.1872E+02
104 1.0813E+02
105 9.9542E+01
106 9.2482E+01
107 8.6594E+01
108 8.1626E+01
109 7.7392E+01
110 7.3751E+01
111 7.0596E+01
112 6.7841E+01
113 6.5422E+01
114 6.3285E+01
115 6.1389E+01
116 5.9698E+01
117 5.8184E+01
118 5.6824E+01
119 5.5598E+01
120 5.4489E+01
121 5.3484E+01
122 5.2571E+01
123 5.1738E+01
124 5.0978E+01
125 5.0284E+01
126 4.9647E+01
127 4.9063E+01
128 4.8526E+01
129 4.8033E+01
130 4.7579E+01
131 4.7160E+01
132 4.6773E+01
133 4.6417E+01
134 4.6088E+01
135 4.5783E+01
136 4.5502E+01
137 4.5242E+01
138 4.5002E+01
139 4.4780E+01
140 4.4574E+01
141 4.4384E+01
142 4.4209E+01
143 4.4047E+01
144 4.3898E+01
145 4.3760E+01
146 4.3633E+01
147 4.3517E+01
148 4.3410E+01
149 4.3312E+01
150 4.3222E+01
151 4.3140E+01
152 4.3066E+01
153 4.2998E+01
154 4.2937E+01
155 4.2882E+01
156 4.2832E+01
157 4.2788E+01
158 4.2750E+01
159 4.2716E+01
160 4.2686E+01
161 4.2661E+01
162 4.2640E+01
163 4.2622E+01
164 4.2608E+01
165 4.2598E+01
166 4.2591E+01
167 4.2587E+01
168 4.2585E+01
169 4.2587E+01
170 4.2591E+01
171 4.2597E+01
172 4.2606E+01
173 4.2617E+01
174 4.2630E+01
175 4.2645E+01
176 4.2662E+01
177 4.2680E+01
178 4.2701E+01
179 4.2722E+01
180 4.2746E+01
181 4.2771E+01
182 4.2797E+01
183 4.2824E+01
184 4.2853E+01
185 4.2882E+01
186 4.2913E+01
187 4.2945E+01
188 4.2978E+01
189 4.3012E+01
190 4.3046E+01
191 4.3082E+01
192 4.3118E+01
193 4.3155E+01
194 4.3192E+01
195 4.3231E+01
196 4.3269E+01
197 4.3309E+01
198 4.3349E+01
199 4.3389E+01
